('2月14日', [869])
('2月3日', [868, 867])
('2月2日', [866])
('1月31日', [865])
('1月30日', [864])
('1月29日', [863])
('1月27日', [862])
('1月26日', [861, 860, 858, 856])
('1月24日', [859, 857, 852, 851, 850, 847, 846])
('1月25日', [855])
('1月3日', [854, 812, 809, 796, 706, 658, 413, 410, 391, 375, 359, 338, 331, 311, 297, 188, 185, 182, 180, 178, 177, 176, 175, 173, 164, 161, 157, 154, 153, 145, 144, 139, 135, 134, 133, 130, 113, 110, 85, 83, 81, 78, 77, 76, 71, 70, 51, 41, 38, 24, 23, 22, 20, 19, 17, 16, 14, 13, 12, 11, 10, 9, 7, 6, 5, 3])
('1月7日', [853, 837, 810, 737, 708, 705, 601, 513, 488, 487, 340, 339, 323, 309, 280, 226, 200, 167, 166, 165, 163, 148, 128, 127, 126, 124, 123, 119, 106, 98, 96, 95, 94, 92, 91, 89, 88, 86])
('1月5日', [849, 848, 830, 829, 808, 785, 716, 715, 714, 707, 701, 600, 397, 352, 351, 347, 341, 332, 307, 197, 194, 193, 192, 190, 159, 156, 147, 143, 138, 137, 132, 117, 116, 112, 109, 104, 103, 101, 97, 93, 84, 82, 79, 73, 72, 69, 68, 67, 66, 65, 64, 63, 61, 57, 53, 52, 50, 49, 46, 45, 37, 36, 35])
('1月23日', [845, 842, 826])
('1月22日', [844, 843, 840, 834, 833, 828, 824])
('1月20日', [841, 822, 814, 813, 811, 803, 802, 801, 800, 799, 798, 797, 793, 791, 788])
('1月4日', [839, 807, 702, 690, 674, 673, 671, 589, 398, 361, 324, 305, 254, 195, 189, 187, 186, 184, 183, 181, 179, 174, 162, 158, 155, 152, 141, 140, 131, 129, 118, 111, 108, 90, 80, 75, 60, 59, 58, 56, 55, 54, 47, 44, 43, 42, 40, 39, 34, 33, 32, 31, 30, 29, 28, 27, 26, 25, 21, 18])
('1月17日', [838, 756, 755, 753, 752, 749, 747, 744, 743, 742, 741, 740, 736, 735, 734, 733, 731, 729, 728, 726, 699])
('1月10日', [836, 835, 751, 730, 725, 723, 722, 721, 710, 709, 679, 649, 647, 610, 434, 416, 412, 408, 349, 348, 343, 334, 328, 322, 319, 318, 295, 293, 286, 284, 283, 278, 276, 275, 274, 272, 271, 270, 269, 268, 267, 266, 264, 263, 261, 260, 259, 258, 255, 250, 237, 231, 217, 206])
('1月11日', [832, 795, 772, 765, 759, 758, 757, 711, 605, 599, 550, 518, 468, 444, 439, 433, 429, 427, 425, 423, 415, 409, 407, 405, 401, 394, 393, 385, 384, 383, 382, 381, 377, 376, 374, 373, 371, 367, 366, 365, 364, 363, 362, 358, 357, 356, 355, 354, 353, 350, 346, 345, 344, 342, 336, 335, 333, 329, 327, 326, 317, 316, 315, 310, 308, 304, 301, 300, 296, 294, 292, 291, 290, 289, 288, 285, 282, 281, 279, 277, 273, 251])
('1月8日', [831, 718, 713, 700, 676, 672, 659, 652, 372, 370, 330, 302, 257, 256, 236, 235, 233, 232, 219, 218, 216, 215, 214, 213, 209, 208, 207, 203, 199, 191, 172, 170, 169, 168, 151, 146, 136, 121, 120, 115])
('1月6日', [827, 823, 806, 750, 704, 497, 306, 198, 196, 160, 125, 122, 114, 107, 105, 102, 100, 99, 87, 62])
('1月21日', [825, 821, 820, 819, 818, 817, 816, 815])
('1月9日', [805, 804, 771, 717, 703, 678, 627, 612, 588, 448, 402, 337, 321, 314, 313, 287, 265, 262, 253, 252, 249, 248, 247, 246, 245, 244, 243, 242, 241, 240, 239, 234, 230, 229, 228, 227, 225, 224, 223, 222, 221, 220, 212, 211, 210, 205, 204, 202, 201, 171, 150, 149, 142])
('1月13日', [794, 774, 766, 764, 727, 712, 677, 665, 618, 609, 607, 604, 595, 591, 590, 578, 577, 573, 571, 569, 568, 567, 564, 562, 561, 554, 553, 552, 549, 548, 546, 545, 544, 542, 541, 540, 539, 538, 537, 536, 534, 532, 531, 530, 527, 526, 525, 524, 520, 519, 517, 514, 509, 508, 506, 505, 504, 503, 502, 501, 500, 498, 496, 495, 494, 491, 490, 489, 483, 481, 480, 477, 476, 472, 471, 470, 465, 464, 463, 462, 461, 460, 459, 458, 455, 454, 453, 452, 451, 449, 441, 440, 428, 399])
('1月19日', [792, 790, 789, 787, 786, 784, 783, 782, 781, 780, 778, 777, 776, 775])
('1月18日', [779, 770, 769, 768, 767, 754, 748, 746, 745, 739])
('1月15日', [773, 763, 762, 719, 697, 693, 691, 689, 687, 685, 684, 682, 681, 680, 675, 670, 669, 668, 667, 666, 664, 663, 661, 660, 657, 656, 655, 654, 653, 651, 650, 645, 644, 641, 640, 639, 634, 632, 631, 630, 626, 625, 623, 622, 621, 617, 597])
('1月14日', [761, 720, 648, 646, 643, 642, 638, 637, 636, 635, 633, 629, 628, 624, 620, 616, 615, 614, 613, 611, 608, 606, 603, 602, 598, 596, 594, 592, 587, 586, 585, 584, 583, 582, 581, 580, 579, 576, 575, 574, 572, 570, 566, 565, 563, 560, 559, 558, 557, 556, 555, 551, 547, 543, 535, 533, 516, 485, 484, 482, 479, 473, 467, 466])
('1月12日', [760, 593, 529, 528, 523, 522, 521, 515, 512, 511, 510, 507, 499, 493, 492, 486, 478, 475, 474, 469, 457, 456, 450, 447, 446, 445, 443, 442, 438, 437, 436, 435, 432, 431, 430, 426, 424, 422, 421, 420, 419, 418, 417, 414, 411, 406, 404, 403, 400, 396, 395, 392, 390, 389, 388, 387, 386, 380, 379, 378, 369, 368, 360, 325, 320, 312, 303, 299, 298])
('1月16日', [738, 732, 724, 698, 696, 695, 694, 692, 688, 686, 683, 662, 619])
('1月2日', [48, 15, 8, 4, 2, 1])
